king, 20240517135128, 5, 1
king, 20240517135651, 5, 1
king, 20240517140437, 5, 1
king, 20240517140437, 15, 2
king,20240517141336,9,1
king,20240517141336,6,1
king, 20240517142025, 5, 1
king,20240517142025,6,1
king, 20240517142025, 7, 1
king, 20240517142025, 19, 3
king, 20240517142025, 15, 3
king,20240517142025,29,5
king, 20240517142025, 8, 1
king,20240517142025,32,5
king, 20240517142025, 11, 2
king,20240517142025,7,1
king,20240517142025,13,2
king, 20240517142025, 6, 1
king, 20240517142025, 5, 1
king, 20240517142025, 7, 1
king,20240517142025,15,3
king, 20240517142025, 10, 2
king, 20240517142025, 5, 1
king, 20240517142025, 7, 1
king, 20240517142025, 12, 1
king,20240517142025,10,2
king,20240517143933,6,1
king, 20240517143933, 5, 1
king, 20240517143933, 11, 2
looo, 20240517144546, 8, 1
looo, 20240517144546, 15, 2
looo, 20240517144546, 5, 1
looo, 20240517144546, 5, 1
looo, 20240517144546, 7, 1
looo, 20240517144546, 11, 2
looo, 20240517144546, 19, 3
